43672
6479523
447522
11987874
49867930
71236992
11319053
9870520
89508529

54746
6337614
4893
3157
5625
5401
3038522

11495704
210332
24798742
24762195
11696113
42627562
10320144
9926791
24821094

24788740
25262792
25227436
2472
60848
154104
25118925
25016615


















71398
4195
3054
4659569
4409
5577
667476
35330
3339
72281
4680
3343
2372
4632
447994
5288600
638278
332
448011
119205
5288545
219100
3792
6918546
9864881
5282219
100154



1548943
16475583
10125830
736186
5274976
11441375
9862248
44129642
46937073
5321765
5282230
445858
4788
11531308
9562794
6365297
6288148
11669698
667639
122335
637775
19844
11957394
9994897
3314
1548942
31553
51040
19988


5084146

9865375
969516
11248490
9820882
62348
6918736
65373
476861
70882
5351387
9895264
2214
11998575
6918405
11611800
55223
84621
59084697


5476587
64929















5280453
5283731
5280793
445354
5280795
247839
9051
5994
449171
6230
5538
13769
5282379
229455
60198
11876263
5745
235905
92834
5282181
18633059
9900246
20055090
160615
20055236
68947
69249407
13308
9835303
17150
223368
5288783
5289090
8955
261000
73896915
15478
444679
4369270
5839
5753
5289547
5318517
148189
19582


46705423
107778

6857686
13472
92109
312145
9845059
5289054
6857724
5289278
5289373
9677
11273
444008
68861




27812
107985
10245972
443955
9849735
5311505
5858
10025615
68926
9904
68952

15376






















2662
656949
1400
656966
1396
5327104
213053
44195571
104850
5335
25174101
10915062
24812719
447297
46870043
23400214
119828
5331010
2742752

59472121
71587812
71533696
9832687
23582412
9820073
6450813
66555680









5770
3715
36462
110635
2762
8550
5326934
2353


6914626
10364585
5287652
11957417
5327091
447835
24905153
25203955
5277135
6758
10237
44480399
49836093
5351360
24946920




1981





151171
65999
68723
447721
4369379
5289507
4630909
5289508
656967
448202
5287936
5287525
208951
11973736

9977819



6914568
21066379
44629555
11553058
11304412
11963557
10339710
11987868
17756743
4369433
6419789
11493598
25113181
11270500
11633167
24905152
46937119
24905144
10320144
10249180
10249182
46937162
11524144
44129608
24821094
5330286
11978813
56208
46207586
71226662
44631912
24856436
10052040
10366136
10117987
10090485
71533696
59473233
10437018
10430360
49848070
6450813
51352628
11256720
11282283
6450806
17754438
54576073
25016615
46911863
















4055
4409
16850
156391
667476
72281
2197
54684589
5161
4632
446611
657131
447994
439533
160478
445154
5288987
5496910
98487
5288600
638278
439246
332
114829
448011
688857
688859
5288545
6755
9864881
5282219
100154
5310985
54682876



46937037
5327103
16475583
16478818
10125830
736186
10286462
5321765
5282230
3220
68205
445858
4788
11149906
449162
9562794
6365297
11779786
6288148
446415
667639
25058141
11160307
11373270
11840979
185914
73571
131704311
54736485
19844
9994897
31553
4133
8361
2202
19988



969516
91469
72276
119032
5351387
9895264
2214
5318980
55223
84621
119396







5476587














74989
6323454
4469805
5289026
146797
5287703
54682463
11531308
443833
3885
72942015
10026128

5280453
5283731
54687
12560
447043
53232
247839
5282226
6509979
9051
6279
5865
54454
5311221
5280965
441290
149351
6915744
9270
5284447
5755
445643

5284616
5311412
5281104
5282381
6473883
6741
229455
60198
5311181
439501
11876263
84029
5281004
5280427
148124
5311066
5282165
68873
6918155
5995
5282181
236666
13308
10039774

6442177
5881
447573
447865
65076
448457
5288382
6437378
3000226
8955
5281897
448013
73896915
5496872
15478
64727
449169
444679
121904
4369270
131704272
20055510
5997
440711
65094
473141
54708748
6915835
5311399
9880
6445540
285033
16394575
6918141
9935073


19582
6918653
6918835

6440717



23724530
447451

457928

64715
3033968
6436223

5287620
5282031
66440
6436219
46937124
4369567
5289054
5289324
5289373
119202
369976
9677
9868491
5282237
9053
656615
9949848
6438378
6917864
5282322


10577938



















6918412
22524140
189821
50902259
13789
128563
6918589
11284169
5288674
16202132
6918502
25185057
11541511
124653
6918260
71587784
10025615
202225
68952



5284613

















9403

13791








9865442



93055



102232
















5834

















71398
4409
3342
3869
36811
38853
60789
4932
6047
39042
4632
657131
689043
5287509
5496627
17754104
52941757
445154
638278
448011
119205
3036505

6918558

46937041
5274976
5321765
5282230
4788
11149906


46937113
13294447
667639
185914
5289330
5280911
11957394
9994897
11460087
15118984



6880

969516
1794427
65373
57112
114840














6274
6140
5962
6322
5960
6262
5961
5951
6137
6057
67678
33032
124886
6106
5862
9750
5950
6287
6306
6267
5362119
5665
6047
448580
123831
164795
445025
99288
439524
185915
71080
17754078
17753936
17754065
17753823
656910
439202
448269
99478
152441
131704183
9898908
165339
30819
444965
67427
124992
448130
656911
10130120
161166
5287712
17753929
145815
24417
5288041
10062737
448718
448124
445032
169148
440041
446994
65249
6326983
3080775
17754161
656979
17754073
446124
119224
17754062
17754171
449178
97535
192579
10909908
441123
444182
657087
439968
23327
15227560
71567
160603
446306
131704210
440901
5287494
83887
6971307
2761494
448254
99594
5288637
46936479
165331
441443
712421
445478
84815
17753927
17753872
17754089
9543429
446250
17754220
444104
443115
17753926
445883
5287587
446719
123895
447569
92851
156126
46936619
5288719
57449
6540253
49866861
446873
440772
107984
17753953
17753999
17753924
193344
448878
49866839
123938
97725
72172
131704245
6398414
39981
439925
49867129
17753844
3082729
6950578
1102
127370
439283
447108
445707
17754209
146719
97538
131704256
446122
9834298
5288620
445282
87123
165196
17754054
11412540
447827
134490
71098
104625
17753922
449471
17753992
5287706
446307
71077
439600
2733514
17753880
9085
440121
17754068
14233317
71070
17754186
12192007
70914
5288147
97536
447123
182230
5288675
65098
446475
12647
160556
175496
440005
5289553
5288145
5289072
123871
193653
449342
193305
456468
91552
449095
439691
439750
46936985
6951123
446018
49866644
448581
444455
68841
170018
193613
657085
5287779
131704288
5326960
115260
14221359
11073394
1082
6992140
22128


12035

121396
10631973
24768560
2724883
24860535
6323244
5287976
24860536
46937099
445160
6420119
6420120
6420121
9817372
5289112
6852189
46937165
210320
199

5462501
105024

73587
132862
123935
71722017
656604
9797017
439378
55362
147004
39836
3447
86278362
21157
68888
91272





















5280453
5283731
5280793
5280795
71415
247839
443958
6917715
40973
9878
11683
13109
9051
21700
5994
5833
9782
5311067
444036
6215
5311167
6279
31307
5878
6013
5865
16490
31378
443872
6230
441290
5754
441335
84088
5757
9270
55245
5311052
15209
6011
5755

13769
5281104
644073
17756771
6540478
6741
5991
229455
60198
32798
9642
5311071
439501
656583
6714002
11876263
6446
259331
5743
6918462
6291
5745
68873
28417
5995
235905
92834
5282181
18633059
107765
11196935
9900246
160531
20055090
102146
69259387
242493
20054882
236666
160615
13765
26721
20055236
11300765
101819
68947
10634
136297
15818
6128
69249407
13308
10039774
443408
9835303
28204
17150

31401
5881
447573
447865
101989
12544
223368
5288783
636403
16760554
46936378
47936
6917655
221493
5460316
3000226
8955
5880
10635
261000
448013
73896915
222528
15478
246983
104772
242332
446934
444679
4369270
20055510
5289086
499953
5997
5756
9046
5839
5753
440711
65094
473141
6915835
9880
6445540
5289547
6918670
16739648

16394575
111332
6918141
23691973

9867361
9935073

5318517
132971
19582
6918653
6918835

447715

11396600



46705423
5281034
107778
457928


6010
3033968
146797
9909368
6324617
9867869
11154476
441923
10133

443936
443943
169870
6857686
13472
11302
10457944
42627296
256737
247304
23728517
16750073
10204
439551
92109
66440
312145
9845059
5289054
16086836
54688400
6857724
5289324
5289373
119202
369976
11269429
9677

13559281
11273
9854489
11794741
9053
20054914
656615
444008
162955
11954369
68861
9949848
6917864



4542
10577938








27812

5311051
16122802
5283820
92786
107985
50902259
7074810
57050
13789
27125
10317383
31402
11376392
128563
153976
11284169
16401639
5857
64971

11750009
91488
9849735
259846
5311505
400010
5858
25185057
34457
11541511
124653
92787
76965484
6473881
71587784
10114
10025615
68926
9904
68952



5284613










15020














14687





9818306
222757
9403

13791












5744



636398
5282494





9865442



93055





102232



236702



















5834




















5957
70789197
6883
70788951
7339
446336
16019963
65302
5496796
165381
440950
19235
440210
439455
49867432
131704180
16500
159296
128882
8629
107758
444237
131704184
446724
5288599
447048
440141
23700
5459918
6858181
165230
444761
448873
46936378
122336
6176
131675359
447253
163884
445114
91557
444148
46936447
444378
5288428
131704217
193491
444727
445555
82400
444825
440317
42626649
128419
445795
444215
17473
449144
444451
5289376
439444
447462
17754189
192826
17754035
131704240
445675
439456
6031
57525501
447049
448923
18068
129148
445132
121966
49866945
443210
446443
131704258
131704262
91532
444189
440996
122195
121959
131704263
6133
439450
444170
448872
165491
188347
6830
448003
121976
448924
448176
121969
8977
44462678
46936967
445888
131704284
6132
445079
49866449
5287514
5327077
56927674
3720
91663255
131704325








151171
60823
447371
133021
9978312
4369534

155815
11250647
49843471



60838
84088
55245
444756


213046
13559281
10461508
46871657
11670435
5311505
34457
91273
104903

58031952







448940
5287555
447368

159325
16752640
5275422
447950
444703
23647657
5951796
7013169
5726921
9863791
45268539
5288679
1286536
447359
4369485
16049839
15951529

49836093
71587812
11363176






586
4091
16231
8249
3519
4923
159772

17975425
9543472
2730282
199
5241
132862
9571037
10275777
9799487
23342
5939
9548602


5280453
5283731
5280793
5280795
71415
247839
443958
6917715
40973
9878
11683
13109
9051
21700
5994
5833
9782
5311067
444036
6215
5311167
6279
31307
5878
6013
5865
16490
31378
443872
6230
441290
5754
441335
84088
5757
9270
55245
5311052
15209
6011
5755

13769
5281104
644073
17756771
6540478
6741
5991
229455
60198
32798
9642
5311071
439501
656583
6714002
11876263
6446
259331
5743
6918462
6291
5745
68873
28417
5995
235905
92834
5282181
18633059
107765
11196935
9900246
160531
20055090
102146
69259387
242493
20054882
236666
160615
13765
26721
20055236
11300765
101819
68947
10634
136297
15818
6128
69249407
13308
10039774
443408
9835303
28204
17150

31401
5881
447573
447865
101989
12544
223368
5288783
636403
16760554
46936378
47936
6917655
221493
5460316
3000226
8955
5880
10635
261000
448013
73896915
222528
15478
246983
104772
242332
446934
444679
4369270
20055510
5289086
499953
5997
5756
9046
5839
5753
440711
65094
473141
6915835
9880
6445540
5289547
6918670
16739648

16394575
111332
6918141
23691973

9867361
9935073

5318517
132971
19582
6918653
6918835

447715

11396600



46705423
5281034
107778
457928


6010
3033968
146797
9909368
6324617
9867869
11154476
441923
10133

443936
443943
169870
6857686
13472
11302
10457944
42627296
256737
247304
23728517
16750073
10204
439551
92109
66440
312145
9845059
5289054
16086836
54688400
6857724
5289324
5289373
119202
369976
11269429
9677

13559281
11273
9854489
11794741
9053
20054914
656615
444008
162955
11954369
68861
9949848
6917864



4542
10577938








27812

5311051
16122802
5283820
92786
107985
50902259
7074810
57050
13789
27125
10317383
31402
11376392
128563
153976
11284169
16401639
5857
64971

11750009
91488
9849735
259846
5311505
400010
5858
25185057
34457
11541511
124653
92787
76965484
6473881
71587784
10114
10025615
68926
9904
68952



5284613










15020














14687





9818306
222757
9403

13791












5744



636398
5282494





9865442



93055





102232



236702



















5834




















71415
54707177
443958
9878
11683
9051
5994
5833
9782
449171
5311167
6279
31307
6013
5865
16490
31378
443872
5754
5538
441335
84088
15209
5755

5311412
644073
6741
5282379
60198
439501
6714002
11876263
6446
5743
5745
68873
28417
5995
107765
160531
20055090
102146
69259387
20054882
160615
13765
68947
10634
136297
6128
69249407
443408
28204
17150

5881
441298
65076
636403
10396076
5289090
3000226
8955
261000
15478
246983
444679
4369270
5997
440711
65094
473141
9880
5288209

65781
111332
23691973

9867361
9935073
5318517
148189
12594
132971


5281034
457928

6010
146797

443936
443943
169870
10204
9845059
6857724
119202
13559281
11273
656615
162955
68861
9949848

9915879







5311051
7074810
10245972
3083542
57050
13789
10317383
11376392
11188409
46871657
64971
11750009
71811910
91488
9849735
5311505
400010
5858
34457
11541511
124653
66249
10114
68926


5284613



























5744



636398
5282494



9865442


93055






236702







5834













445354
5284513
449171
5538
3312
5282379
5284607
5289326
5287502
1549107
445995
5289090
449547
5287678
5280832
448904
5288173
5289266
657041
5288476
5288209


5280489
21363450
131704306
445015
445713
447277
5288795
447278
54699009
131704307
6438583
5289278
5280346
446925
638072

9863341
46184405
5282182
10245972
5282367
9904203
24875259
9929901
5469318
5287554
442343













5281243
445354
9051
5284513
449171
5538
3312
5282379
60198
5287502
5289090
5287678
5288173
10174045
5288209
65781


5281224
5280489
15143646
5288795
9845059
6438583
5289278
656615
9949848
5280899
7019255
446925

9863341
10245972
3083542
13789
9904203
9929901
13791




5281243
445354
9051
5284513
449171
5538
3312
5282379
60198
5287502
5289090
5287678
5288173
10174045
5288209
65781


5281224
5280489
15143646
5288795
9845059
6438583
5289278
656615
9949848
5280899
7019255
446925

9863341
10245972
3083542
13789
9904203
9929901
13791




5281243
445354
9051
5284513
449171
5538
3312
5282379
60198
5287502
5289090
5287678
5288173
10174045
5288209
65781


5281224
5280489
15143646
5288795
9845059
6438583
5289278
656615
9949848
5280899
7019255
446925

9863341
10245972
3083542
13789
9904203
9929901
13791





5311128

448601
9853654
392622
3035406
5388962
10909430
36523
25077405
91270
60947

54892
45266800
441243
16681432
92727
5287931
448585
445561
449366
5289343
444425
5287515
9988024
17753951
448130
6323515
5287712
131704196
448836
6323208
449538
449218
445784
446385
449555
656989
446306
5289469
72081
5288637
49866981
446514
5287596
5287408
447867
443115
177837
5288453
5287443
440772
65359
60594
5289122
6323182
6398414
449517
131704251
131704252
131704254
5289258
447108
445707
449124
5496887
97538
5289294
5288240
17753973
447524
445309
449471
445303
446307
5289470
446300
10305301
447280
5288147
97536
5288651
444461
444196
5288867
445305
5288145
5496715
445072
449342
6323486
446912
446917
444346
131704283
444455
445785
49866368
5326876
6323191
5326888
5287569
5287824
11505008
23304231
5288332
115260
15959287
163626
5289214
5494439
6918026
9574101
16197727
5312109
6440352
16072305
25030387
6918562
5310939
16129664



71364
5488548





56927879
71349
25074470
131704300
23629654
6323185
25113617
25113128
25220914
22850133
23647358
46937062
23647361
6857702
444224
6857710
5497171
46937104
6710104
5289332
4369141
6914647
6914648
16220131
15118984



5493444

9833444
9811834
73587



9941379
11993702
71587772
123805
15547703
5464343
71249967
14539800
76958396
72187679
172198
71722017
176873
24794466
46700761
11764719
451417
6918265
439201
382974
3082475
9832431
9808372
53330936
9832404
9811551
443363
6918315
25242323
148138
71511839
76073634
44628955
9938933































124886
5362129
43672
55891
5484727
5388962
5362119
5311309
441130
107807
656629
45266800
19003
6479523
446598
44093
56330
5311447
3000540
449366
5289343
5287515
16741116
448130
688267
17754156
5287869
5287712
46936357
656979
447522
97535
446306
5289469
447701
4369343
5288637
5287596
5287408
447867
9600398
443115
5287555
5287443
440772
65359
65536
448235
5289122
123938
6323182
6398414
5288988
122623
131704251
440723
445506
5289258
127370
447108
445707
97538
5289294
5288240
447524
5287799
445503
131704259
449471
446307
160139
446411
5388928
447280
5288147
97536
447123
182230
444461
444196
5288145
5496715
443600
449342
449123
444346
449095
131704283
444455
445785
5388929
5287569
5287824
23304231
5326960
115260
15959287
387442
5494439
5494440
153270
9574101
6440352
1082

3010818



3038505
9837656




5488548





131704300
23629654
44141860
25113614
46937030
42615253
448677
25113126
6323185
25113127
25011732
25113616
25113617
16122596
25113128
25220914
46937043
25011733
25271577
24963035
24963036
24963037
25134248
25021183
25113125
10450114
42615254
22850133
6610318
23647361
6857702
11840913
444238
444224
10198228
443118
5287977
5288064
5288066
5288067
5497171
46937094
46937104
448763
15942661
5289192
23586040
42608447
478379
5289314
6852189
6323528
9887557
46937176
210320

10324367
638678
5462501



73587

65944
91617630
123805
11253490
10298385
5464343
71249967
14539800
16656685
123935
71722017
176873
24794466
451417
443289
24737642
71600094
9843750
9832404
443363
6918315
49802864
44628955
9938933
125516























91443
124886
6037
134601
9853654
5388962
5362119
107807
45266800
5311447
5287931
988
5287438
17754065
447392
656910
449366
5289343
444425
9988024
17753951
124992
448130
5460413
5478838
6323515
17753890
5287712
5288660
448718
448836
445076
656979
17754073
449218
445784
97535
446385
439968
449555
448249
446306
5289469
447701
5288637
49866981
5282253
5287408
445026
447867
444104
9600398
443115
5288453
446905
46936619
440772
65359
65536
17753999
123938
72172
6398414
151008
39981
449517
446783
446986
131704251
131704252
440723
445506
5289258
127370
447108
445707
444640
449124
97538
5289294
5288240
17753973
447524
444695
131704259
449471
17753992
445303
446307
160139
5289470
446300
5388928
70914
447280
5288147
97536
5288651
447123
182230
444461
446475
444196
160556
5288867
5288145
5496715
443600
445072
449342
159596
131704283
448581
444455
445785
49866368
5326876
6323191
5287569
5287824
23304231
5326960
115260
15959287
163626
5289214
9825434
65937
5312109
25030387
1082
5310939
6992140



100094
9830969





121396
22850133
6610318
23647358
46937062
23647361
6857702
46937074
24860535
443118
5288064
5288066
5288067
5497171
25113157
446136
46937094
444107
46937104
446620
46937118
123982
46937122
6420119
6420120
6710104
5487313
23640756
5289332
6852189
4369141
6914647
6914648
16220131
210320


20055267
9811834
5462501
444412
73587

443380
71587772
123805
14539800
76958396
5280878
123935
71722017
24794466
11764719
451417
9808372
25194767
9832404
9811551
443363
55362
148138
49802864
86278362
91272
25168442
91810664
44628955
9938933
70693500


























71236992
9926791
969516
5321018
2662
2353
25195294
641785
11425923
54454
5281787
6322
5318517
91667962
60823
104934
44561595
4091
5318517
122724
6437836
5538
449171
5282379
123977
6455376
9821757
